# This file may be used to create an environment using:
# $ conda create --name <env> --file <this file>
# platform: win-64
brotlipy=0.7.0=py37he774522_1000
ca-certificates=2021.5.30=h5b45459_0
certifi=2021.5.30=py37h03978a9_0
cffi=1.14.3=py37h7a1dbc1_0
chardet=3.0.4=py37_1003
click=7.1.2=py_0
cryptography=3.1.1=py37h7a1dbc1_0
cycler=0.10.0=py_2
flask=1.1.2=py_0
freeglut=3.2.1=h0e60522_2
freetype=2.10.4=h546665d_1
icu=68.1=h0e60522_0
idna=2.10=py_0
importlib-metadata=4.7.1=py37h03978a9_1
importlib_metadata=4.7.1=hd8ed1ab_1
intel-openmp=2021.3.0=h57928b3_3372
itsdangerous=1.1.0=py37_0
jasper=2.0.14=h77af90b_2
jbig=2.1=h8d14728_2003
jinja2=2.11.2=py_0
jpeg=9d=h8ffe710_0
jsonpickle=2.0.0=pyhd8ed1ab_0
kiwisolver=1.3.2=py37h8c56517_0
lcms2=2.12=h2a16943_0
lerc=2.2.1=h0e60522_0
libblas=3.9.0=11_win64_mkl
libcblas=3.9.0=11_win64_mkl
libclang=11.1.0=default_h5c34c98_1
libdeflate=1.7=h8ffe710_5
liblapack=3.9.0=11_win64_mkl
liblapacke=3.9.0=11_win64_mkl
libopencv=4.5.2=py37h67555a6_1
libpng=1.6.37=h1d00b33_2
libprotobuf=3.16.0=h7755175_0
libtiff=4.3.0=h0c97f57_1
libwebp-base=1.2.1=h8ffe710_0
lz4-c=1.9.3=h8ffe710_1
markupsafe=1.1.1=py37hfa6e2cd_1
mkl=2021.3.0=hb70f87d_564
numpy=1.21.2=py37h940b05c_0
olefile=0.46=pyh9f0ad1d_1
opencv=4.5.2=py37h03978a9_1
openjpeg=2.4.0=hb211442_1
openssl=1.1.1k=h8ffe710_1
pillow=8.3.1=py37hd7d9ad0_0
pip=21.2.4=pyhd8ed1ab_0
py-opencv=4.5.2=py37h7813e69_1
pycparser=2.20=py_2
pyopenssl=19.1.0=py_1
pyparsing=2.4.7=pyh9f0ad1d_0
pyqt=5.12.3=py37h03978a9_7
pyqt-impl=5.12.3=py37hf2a7229_7
pyqt5-sip=4.19.18=py37hf2a7229_7
pyqtchart=5.12=py37hf2a7229_7
pyqtwebengine=5.12.1=py37hf2a7229_7
pysocks=1.7.1=py37_1
python=3.7.10=h7840368_100_cpython
python-dateutil=2.8.2=pyhd8ed1ab_0
python_abi=3.7=2_cp37m
qt=5.12.9=h5909a2a_4
requests=2.24.0=py_0
setuptools=57.4.0=py37h03978a9_0
six=1.15.0=py_0
sqlite=3.36.0=h8ffe710_0
tbb=2021.3.0=h2d74725_0
tk=8.6.11=h8ffe710_0
tornado=6.1=py37hcc03f2d_1
typing_extensions=3.10.0.0=pyha770c72_0
ucrt=10.0.20348.0=h57928b3_0
urllib3=1.25.11=py_0
vc=14.2=hb210afc_5
vs2015_runtime=14.29.30037=h902a5da_5
werkzeug=1.0.1=py_0
wheel=0.37.0=pyhd8ed1ab_1
win_inet_pton=1.1.0=py37_0
xz=5.2.5=h62dcd97_1
zipp=3.5.0=pyhd8ed1ab_0
zlib=1.2.11=h62dcd97_1010
zstd=1.5.0=h6255e5f_0
